mean_pre: [0.3908 0.4704 0.3915]
std_pre: [0.0156 0.0194 0.0105]
mean_re: [0.36   0.555  0.3497]
std_re: [0.045 0.07  0.034]
mean_f1: [0.3728 0.5068 0.3687]
std_f1: [0.0248 0.0267 0.0221]
mean_auroc: [0.5557, 0.6942, 0.5592]
std_auroc: [0.0145, 0.0181, 0.0099]
training_loss: [0.0991, 0.098, 0.0978, 0.0977, 0.0976, 0.0991, 0.098, 0.0978, 0.0977, 0.0978, 0.1004, 0.0981, 0.0978, 0.0978, 0.0977, 0.0975, 0.1005, 0.0983, 0.098, 0.0979, 0.0977, 0.0993, 0.0981, 0.0979, 0.0979, 0.0978, 0.0974, 0.0976, 0.0992, 0.0981, 0.0978, 0.0978, 0.0977, 0.1001, 0.0981, 0.0979, 0.0978, 0.0978, 0.0996, 0.098, 0.0979, 0.0978, 0.0977, 0.1, 0.0981, 0.098, 0.0979, 0.0977, 0.1, 0.0982, 0.098, 0.0978, 0.0978, 0.0976, 0.0976]
training_acc: [0.1366, 0.1528, 0.1592, 0.1622, 0.166, 0.1353, 0.154, 0.1586, 0.1615, 0.1625, 0.1314, 0.1519, 0.1588, 0.1565, 0.1604, 0.1687, 0.1256, 0.1503, 0.1608, 0.1621, 0.162, 0.136, 0.1509, 0.1606, 0.1603, 0.162, 0.1706, 0.1659, 0.1352, 0.1532, 0.1622, 0.1593, 0.1593, 0.1346, 0.1483, 0.1601, 0.1589, 0.1642, 0.1346, 0.1557, 0.1611, 0.1623, 0.1636, 0.1362, 0.1536, 0.1575, 0.1582, 0.1653, 0.1328, 0.1504, 0.1588, 0.1644, 0.1621, 0.168, 0.1656]
testing_loss: [0.2619, 0.251, 0.2645, 0.2573, 0.2607, 0.2628, 0.2619, 0.2642, 0.2641, 0.2626, 0.2701, 0.2612, 0.2582, 0.2511, 0.2633, 0.2631, 0.2737, 0.2561, 0.2589, 0.2646, 0.2608, 0.2663, 0.2563, 0.2682, 0.2577, 0.2473, 0.2584, 0.2567, 0.2636, 0.2601, 0.2603, 0.2576, 0.2598, 0.268, 0.2574, 0.256, 0.2623, 0.2586, 0.2631, 0.2583, 0.271, 0.2597, 0.2646, 0.2652, 0.2664, 0.264, 0.2656, 0.2603, 0.2623, 0.2656, 0.2654, 0.2674, 0.2537, 0.2659, 0.2618]
testing_acc: [0.4731, 0.4825, 0.4959, 0.4911, 0.5023, 0.4731, 0.4871, 0.4888, 0.4961, 0.4996, 0.4716, 0.4899, 0.4915, 0.502, 0.4864, 0.488, 0.4647, 0.4803, 0.5001, 0.4947, 0.4893, 0.4781, 0.5037, 0.4923, 0.4971, 0.4867, 0.5091, 0.504, 0.4648, 0.4949, 0.498, 0.5025, 0.5127, 0.4636, 0.4885, 0.4785, 0.4879, 0.4948, 0.4811, 0.488, 0.4951, 0.5043, 0.4932, 0.4808, 0.4752, 0.492, 0.488, 0.4821, 0.4821, 0.4791, 0.4848, 0.496, 0.5069, 0.4995, 0.5047]
