mean_pre: [0.5128 0.5031 0.3379]
std_pre: [0.0327 0.0264 0.0183]
mean_re: [0.5495 0.5278 0.2941]
std_re: [0.046  0.1195 0.045 ]
mean_f1: [0.528  0.5078 0.3129]
std_f1: [0.0186 0.0677 0.0299]
mean_auroc: [0.6992, 0.7389, 0.5016]
std_auroc: [0.0191, 0.0324, 0.0116]
training_loss: [0.0987, 0.097, 0.0964, 0.0961, 0.0958, 0.0949, 0.0947, 0.1111, 0.0979, 0.0968, 0.0964, 0.0959, 0.1001, 0.0971, 0.0965, 0.0962, 0.0959, 0.095, 0.1001, 0.0971, 0.0963, 0.0961, 0.0957, 0.0992, 0.0971, 0.0965, 0.0961, 0.0957, 0.0988, 0.097, 0.0964, 0.0958, 0.0956, 0.0947, 0.0943, 0.1004, 0.0971, 0.0966, 0.0963, 0.0959, 0.0951, 0.0988, 0.097, 0.0964, 0.0959, 0.0958, 0.0989, 0.097, 0.0965, 0.0963, 0.096, 0.0997, 0.0969, 0.0963, 0.0961, 0.0958]
training_acc: [0.1565, 0.1808, 0.1956, 0.1989, 0.2021, 0.2165, 0.2192, 0.1104, 0.1598, 0.1852, 0.1892, 0.196, 0.1491, 0.1773, 0.1849, 0.1923, 0.1989, 0.2052, 0.1471, 0.1785, 0.1904, 0.1948, 0.2004, 0.1502, 0.1776, 0.189, 0.1967, 0.201, 0.1535, 0.1773, 0.1899, 0.2045, 0.2013, 0.2151, 0.2247, 0.1448, 0.1771, 0.1891, 0.1953, 0.2025, 0.208, 0.1463, 0.1771, 0.1904, 0.1934, 0.1975, 0.1531, 0.1774, 0.1871, 0.1857, 0.1982, 0.1517, 0.1796, 0.1861, 0.191, 0.2]
testing_loss: [0.2756, 0.2688, 0.2778, 0.2706, 0.2773, 0.262, 0.2651, 0.2904, 0.2669, 0.271, 0.2677, 0.2705, 0.2612, 0.2679, 0.264, 0.2757, 0.2667, 0.2706, 0.2713, 0.2745, 0.2654, 0.2738, 0.2701, 0.2619, 0.2724, 0.2638, 0.2686, 0.2713, 0.2701, 0.2685, 0.2665, 0.2688, 0.2761, 0.2687, 0.2674, 0.271, 0.2842, 0.2715, 0.2651, 0.2706, 0.2711, 0.2753, 0.2697, 0.2802, 0.2691, 0.2684, 0.2723, 0.265, 0.2829, 0.2711, 0.2723, 0.2687, 0.2701, 0.2684, 0.2718, 0.2674]
testing_acc: [0.3821, 0.3933, 0.3983, 0.3823, 0.3844, 0.3977, 0.412, 0.3336, 0.3757, 0.4256, 0.3781, 0.3997, 0.3977, 0.4219, 0.4057, 0.4044, 0.3705, 0.3971, 0.3943, 0.3981, 0.398, 0.3969, 0.3599, 0.3876, 0.3751, 0.3988, 0.3895, 0.3731, 0.4103, 0.3839, 0.3801, 0.3923, 0.3967, 0.3765, 0.376, 0.3747, 0.3955, 0.3825, 0.3981, 0.4143, 0.4175, 0.3857, 0.3996, 0.3741, 0.3827, 0.3813, 0.3971, 0.4076, 0.3884, 0.3715, 0.3983, 0.4105, 0.3929, 0.3725, 0.4145, 0.4073]
