mean_pre: [0.3351 0.346  0.3485]
std_pre: [0.0109 0.0101 0.0186]
mean_re: [0.3292 0.368  0.3327]
std_re: [0.0154 0.0122 0.0384]
mean_f1: [0.3319 0.3564 0.3399]
std_f1: [0.0113 0.007  0.0281]
mean_auroc: [0.5007, 0.5139, 0.5183]
std_auroc: [0.0093, 0.0121, 0.0177]
training_loss: [0.1111, 0.1018, 0.0968, 0.0965, 0.0963, 0.0957, 0.0992, 0.0968, 0.0964, 0.0961, 0.0959, 0.0953, 0.0952, 0.0949, 0.0986, 0.0967, 0.0963, 0.0961, 0.0959, 0.0995, 0.0971, 0.0965, 0.0964, 0.0961, 0.0956, 0.0956, 0.0999, 0.0968, 0.0965, 0.0962, 0.0959, 0.0952, 0.0986, 0.0968, 0.0963, 0.096, 0.096, 0.0953, 0.0985, 0.0968, 0.0964, 0.0961, 0.0958, 0.0953, 0.0985, 0.0968, 0.0965, 0.0962, 0.0959, 0.0955, 0.0952, 0.0987, 0.0968, 0.0964, 0.0959, 0.0956, 0.0983, 0.0967, 0.0965, 0.0961, 0.0959]
training_acc: [0.1106, 0.1462, 0.1835, 0.1904, 0.1975, 0.2068, 0.1451, 0.1829, 0.1912, 0.2021, 0.2055, 0.2099, 0.2176, 0.2296, 0.1568, 0.1825, 0.1961, 0.2041, 0.2025, 0.1581, 0.1805, 0.1936, 0.1896, 0.2025, 0.2066, 0.2108, 0.147, 0.181, 0.1899, 0.199, 0.2094, 0.2189, 0.1593, 0.186, 0.1939, 0.2008, 0.2049, 0.2185, 0.1641, 0.1843, 0.1988, 0.2013, 0.2084, 0.2182, 0.1617, 0.1837, 0.19, 0.1997, 0.2036, 0.2105, 0.217, 0.1559, 0.1856, 0.1903, 0.2095, 0.212, 0.1641, 0.1878, 0.1908, 0.1985, 0.2043]
testing_loss: [0.3333, 0.2616, 0.2773, 0.282, 0.2675, 0.2723, 0.2719, 0.2764, 0.2748, 0.2825, 0.2742, 0.2666, 0.2738, 0.269, 0.2709, 0.2756, 0.2697, 0.2636, 0.2641, 0.2693, 0.2585, 0.2756, 0.2751, 0.2655, 0.2753, 0.2763, 0.2772, 0.2724, 0.2709, 0.2656, 0.2734, 0.2747, 0.2692, 0.2735, 0.2655, 0.2744, 0.2644, 0.2653, 0.2644, 0.2747, 0.2673, 0.2706, 0.2643, 0.2649, 0.2739, 0.2756, 0.2724, 0.2673, 0.2613, 0.2683, 0.2661, 0.2726, 0.2802, 0.2697, 0.274, 0.2728, 0.2666, 0.266, 0.2678, 0.2688, 0.2655]
testing_acc: [0.3325, 0.4193, 0.4173, 0.4092, 0.4116, 0.4235, 0.4112, 0.4209, 0.4227, 0.4217, 0.4189, 0.4176, 0.4152, 0.422, 0.4033, 0.4272, 0.4231, 0.416, 0.4305, 0.4055, 0.426, 0.4281, 0.422, 0.4196, 0.4144, 0.4159, 0.4144, 0.4328, 0.4077, 0.4192, 0.4245, 0.4141, 0.4244, 0.4253, 0.4215, 0.4156, 0.4097, 0.4347, 0.4181, 0.4177, 0.4172, 0.4212, 0.4363, 0.4145, 0.4041, 0.4141, 0.4088, 0.4251, 0.4221, 0.4265, 0.4249, 0.4099, 0.4127, 0.4175, 0.4155, 0.4256, 0.4233, 0.4137, 0.4392, 0.4028, 0.4048]
