mean_pre: [0.4209 0.313  0.3388]
std_pre: [0.036  0.1048 0.1135]
mean_re: [0.4898 0.3038 0.3455]
std_re: [0.1714 0.1023 0.1211]
mean_f1: [0.4378 0.3082 0.3415]
std_f1: [0.0223 0.1033 0.1161]
mean_auroc: [0.5997, 0.5203, 0.5559]
std_auroc: [0.0365, 0.0146, 0.0228]
training_loss: [0.0993, 0.0967, 0.0961, 0.0959, 0.0956, 0.0949, 0.0946, 0.0945, 0.094, 0.0937, 0.0989, 0.0968, 0.0963, 0.0959, 0.0958, 0.0952, 0.0951, 0.0988, 0.0968, 0.0964, 0.0961, 0.0959, 0.1008, 0.0966, 0.0962, 0.0959, 0.0956, 0.1003, 0.0968, 0.0963, 0.0959, 0.0956, 0.0949, 0.099, 0.0969, 0.0965, 0.0959, 0.0958, 0.0951, 0.099, 0.0966, 0.0962, 0.0958, 0.0956, 0.1112, 0.1111, 0.1111, 0.1111, 0.1111, 0.0982, 0.0965, 0.0961, 0.0958, 0.0953, 0.0983, 0.0965, 0.0961, 0.0954, 0.0951]
training_acc: [0.1595, 0.183, 0.1974, 0.2012, 0.2065, 0.218, 0.228, 0.2307, 0.2373, 0.2368, 0.1592, 0.1828, 0.1952, 0.1992, 0.2013, 0.2107, 0.2142, 0.1586, 0.1808, 0.1916, 0.1965, 0.2024, 0.1499, 0.1868, 0.195, 0.2022, 0.2094, 0.1523, 0.1844, 0.1935, 0.2009, 0.2118, 0.2197, 0.1579, 0.1851, 0.1922, 0.1974, 0.204, 0.2126, 0.1542, 0.1901, 0.1999, 0.2029, 0.2074, 0.1101, 0.1111, 0.1111, 0.1111, 0.1111, 0.1628, 0.1906, 0.1984, 0.204, 0.2081, 0.1606, 0.1891, 0.2006, 0.2128, 0.2164]
testing_loss: [0.2688, 0.2715, 0.2725, 0.2724, 0.2632, 0.269, 0.2767, 0.2654, 0.2711, 0.2721, 0.2751, 0.2715, 0.2653, 0.2747, 0.2578, 0.2733, 0.2736, 0.267, 0.2798, 0.2687, 0.2753, 0.2742, 0.2734, 0.2714, 0.2654, 0.2718, 0.2745, 0.2705, 0.2676, 0.2701, 0.2692, 0.2778, 0.2814, 0.2756, 0.2724, 0.2791, 0.2738, 0.266, 0.2654, 0.2731, 0.2687, 0.2663, 0.2755, 0.2788, 0.3333, 0.3333, 0.3333, 0.3333, 0.3333, 0.2688, 0.2735, 0.2704, 0.2711, 0.2689, 0.2739, 0.2726, 0.2771, 0.272, 0.2682]
testing_acc: [0.4163, 0.4265, 0.4189, 0.4231, 0.4179, 0.4261, 0.4235, 0.4237, 0.4151, 0.4348, 0.4167, 0.4239, 0.4345, 0.4313, 0.4253, 0.4275, 0.4288, 0.4095, 0.4203, 0.4188, 0.4272, 0.4169, 0.4125, 0.428, 0.4429, 0.4157, 0.4107, 0.4137, 0.4113, 0.4296, 0.4253, 0.4191, 0.4172, 0.4117, 0.4307, 0.4324, 0.4224, 0.4372, 0.4268, 0.4212, 0.4296, 0.4247, 0.4289, 0.424, 0.3333, 0.3333, 0.3333, 0.3333, 0.3333, 0.4281, 0.4329, 0.4323, 0.4304, 0.4143, 0.4231, 0.428, 0.4151, 0.4257, 0.4197]
